18 0.017541
13 0.012806
16 0.015858
13 0.012442
14 0.013557
13 0.012601
14 0.013181
12 0.012361
13 0.012921
13 0.012973
14 0.013742
14 0.013082
13 0.012894
13 0.013311
12 0.011993
14 0.013608
13 0.013149
17 0.017446
13 0.013049
13 0.012675
13 0.013062
12 0.012320
14 0.014066
13 0.012792
17 0.016317
17 0.017182
14 0.013288
18 0.017440
14 0.014008
18 0.017520
14 0.013223
13 0.012967
13 0.013171
14 0.013142
12 0.012713
12 0.011947
14 0.013719
17 0.017609
15 0.014959
15 0.015019
13 0.013374
13 0.012949
13 0.012877
13 0.012988
17 0.016940
13 0.013040
17 0.016986
18 0.017691
17 0.017381
16 0.016365
